0			0			2848			2848			4			0			
0			0			1424			1424			0			0			
1424			0			1424			1424			0			0			
0			1424			1424			1424			4			3			7		7		14		
0			1424			712			712			0			0			
712			1424			712			712			0			0			
0			2136			712			712			4			12			2		7		12		12		14		14		14		14		14		14		14		14		
0			2136			356			356			4			0			
0			2136			178			178			0			0			
178			2136			178			178			0			0			
0			2314			178			178			0			0			
178			2314			178			178			4			2			11		13		
178			2314			89			89			0			0			
267			2314			89			89			0			0			
178			2403			89			89			4			1			12		
178			2403			44			44			0			0			
222			2403			44			44			0			0			
178			2447			44			44			0			0			
222			2447			44			44			4			1			11		
222			2447			22			22			0			0			
244			2447			22			22			0			0			
222			2469			22			22			0			0			
244			2469			22			22			0			0			
267			2403			89			89			0			0			
356			2136			356			356			4			1			14		
356			2136			178			178			0			0			
534			2136			178			178			0			0			
356			2314			178			178			4			2			11		12		
356			2314			89			89			0			0			
445			2314			89			89			0			0			
356			2403			89			89			0			0			
445			2403			89			89			0			0			
534			2314			178			178			4			0			
534			2314			89			89			0			0			
623			2314			89			89			0			0			
534			2403			89			89			4			1			14		
534			2403			44			44			0			0			
578			2403			44			44			0			0			
534			2447			44			44			4			1			14		
534			2447			22			22			0			0			
556			2447			22			22			4			1			14		
556			2447			11			11			0			0			
567			2447			11			11			0			0			
556			2458			11			11			0			0			
567			2458			11			11			0			0			
534			2469			22			22			0			0			
556			2469			22			22			0			0			
578			2447			44			44			0			0			
623			2403			89			89			0			0			
0			2492			356			356			4			2			7		14		
0			2492			178			178			4			11			7		14		14		14		14		14		14		14		14		14		14		
0			2492			89			89			4			1			7		
0			2492			44			44			0			0			
44			2492			44			44			0			0			
0			2536			44			44			4			1			7		
0			2536			22			22			0			0			
22			2536			22			22			0			0			
0			2558			22			22			0			0			
22			2558			22			22			0			0			
44			2536			44			44			4			1			7		
44			2536			22			22			0			0			
66			2536			22			22			0			0			
44			2558			22			22			4			1			7		
44			2558			11			11			0			0			
55			2558			11			11			0			0			
44			2569			11			11			0			0			
55			2569			11			11			0			0			
66			2558			22			22			0			0			
89			2492			89			89			4			1			7		
89			2492			44			44			0			0			
133			2492			44			44			0			0			
89			2536			44			44			4			1			7		
89			2536			22			22			0			0			
111			2536			22			22			0			0			
89			2558			22			22			0			0			
111			2558			22			22			4			1			7		
111			2558			11			11			0			0			
122			2558			11			11			0			0			
111			2569			11			11			0			0			
122			2569			11			11			0			0			
133			2536			44			44			4			1			7		
133			2536			22			22			0			0			
155			2536			22			22			0			0			
133			2558			22			22			0			0			
155			2558			22			22			4			1			7		
155			2558			11			11			0			0			
166			2558			11			11			0			0			
155			2569			11			11			0			0			
166			2569			11			11			0			0			
0			2581			89			89			0			0			
89			2581			89			89			0			0			
178			2492			178			178			4			13			0		7		14		14		14		14		14		14		14		14		14		14		14		
178			2492			89			89			4			2			7		11		
178			2492			44			44			4			1			11		
178			2492			22			22			0			0			
200			2492			22			22			0			0			
178			2514			22			22			0			0			
200			2514			22			22			0			0			
222			2492			44			44			0			0			
178			2536			44			44			4			1			7		
178			2536			22			22			0			0			
200			2536			22			22			0			0			
178			2558			22			22			0			0			
200			2558			22			22			0			0			
222			2536			44			44			4			1			7		
222			2536			22			22			0			0			
244			2536			22			22			0			0			
222			2558			22			22			4			1			7		
222			2558			11			11			0			0			
233			2558			11			11			0			0			
222			2569			11			11			0			0			
233			2569			11			11			0			0			
244			2558			22			22			0			0			
267			2492			89			89			4			1			7		
267			2492			44			44			4			2			14		14		
267			2492			22			22			0			0			
289			2492			22			22			0			0			
267			2514			22			22			0			0			
289			2514			22			22			0			0			
311			2492			44			44			0			0			
267			2536			44			44			4			1			7		
267			2536			22			22			0			0			
289			2536			22			22			0			0			
267			2558			22			22			4			1			7		
267			2558			11			11			0			0			
278			2558			11			11			0			0			
267			2569			11			11			0			0			
278			2569			11			11			0			0			
289			2558			22			22			0			0			
311			2536			44			44			4			1			7		
311			2536			22			22			0			0			
333			2536			22			22			0			0			
311			2558			22			22			0			0			
333			2558			22			22			4			1			7		
333			2558			11			11			0			0			
344			2558			11			11			0			0			
333			2569			11			11			0			0			
344			2569			11			11			0			0			
178			2581			89			89			0			0			
267			2581			89			89			0			0			
0			2670			178			178			0			0			
178			2670			178			178			0			0			
356			2492			356			356			4			4			0		7		14		14		
356			2492			178			178			4			12			7		14		14		14		14		14		14		14		14		14		14		14		
356			2492			89			89			4			3			6		9		9		
356			2492			44			44			4			2			8		8		
356			2492			22			22			0			0			
378			2492			22			22			0			0			
356			2514			22			22			0			0			
378			2514			22			22			0			0			
400			2492			44			44			4			1			14		
400			2492			22			22			0			0			
422			2492			22			22			0			0			
400			2514			22			22			0			0			
422			2514			22			22			0			0			
356			2536			44			44			4			3			7		9		9		
356			2536			22			22			0			0			
378			2536			22			22			0			0			
356			2558			22			22			0			0			
378			2558			22			22			4			1			7		
378			2558			11			11			0			0			
389			2558			11			11			0			0			
378			2569			11			11			0			0			
389			2569			11			11			0			0			
400			2536			44			44			4			1			7		
400			2536			22			22			0			0			
422			2536			22			22			0			0			
400			2558			22			22			4			1			7		
400			2558			11			11			0			0			
411			2558			11			11			0			0			
400			2569			11			11			0			0			
411			2569			11			11			0			0			
422			2558			22			22			0			0			
445			2492			89			89			4			2			7		14		
445			2492			44			44			4			2			14		14		
445			2492			22			22			0			0			
467			2492			22			22			0			0			
445			2514			22			22			0			0			
467			2514			22			22			0			0			
489			2492			44			44			0			0			
445			2536			44			44			4			1			7		
445			2536			22			22			0			0			
467			2536			22			22			0			0			
445			2558			22			22			4			1			7		
445			2558			11			11			0			0			
456			2558			11			11			0			0			
445			2569			11			11			0			0			
456			2569			11			11			0			0			
467			2558			22			22			0			0			
489			2536			44			44			4			1			7		
489			2536			22			22			0			0			
511			2536			22			22			0			0			
489			2558			22			22			0			0			
511			2558			22			22			4			1			7		
511			2558			11			11			0			0			
522			2558			11			11			0			0			
511			2569			11			11			0			0			
522			2569			11			11			0			0			
356			2581			89			89			0			0			
445			2581			89			89			0			0			
534			2492			178			178			4			12			7		14		14		14		14		14		14		14		14		14		14		14		
534			2492			89			89			4			5			7		14		14		14		14		
534			2492			44			44			0			0			
578			2492			44			44			0			0			
534			2536			44			44			4			1			7		
534			2536			22			22			0			0			
556			2536			22			22			0			0			
534			2558			22			22			0			0			
556			2558			22			22			4			1			7		
556			2558			11			11			0			0			
567			2558			11			11			0			0			
556			2569			11			11			0			0			
567			2569			11			11			0			0			
578			2536			44			44			4			1			7		
578			2536			22			22			0			0			
600			2536			22			22			0			0			
578			2558			22			22			0			0			
600			2558			22			22			0			0			
623			2492			89			89			4			3			7		7		11		
623			2492			44			44			0			0			
667			2492			44			44			4			1			13		
667			2492			22			22			0			0			
689			2492			22			22			0			0			
667			2514			22			22			0			0			
689			2514			22			22			0			0			
623			2536			44			44			4			2			7		7		
623			2536			22			22			0			0			
645			2536			22			22			0			0			
623			2558			22			22			4			1			7		
623			2558			11			11			0			0			
634			2558			11			11			0			0			
623			2569			11			11			0			0			
634			2569			11			11			0			0			
645			2558			22			22			0			0			
667			2536			44			44			4			3			7		7		7		
667			2536			22			22			0			0			
689			2536			22			22			0			0			
667			2558			22			22			4			1			7		
667			2558			11			11			0			0			
678			2558			11			11			0			0			
667			2569			11			11			0			0			
678			2569			11			11			0			0			
689			2558			22			22			0			0			
534			2581			89			89			0			0			
623			2581			89			89			0			0			
356			2670			178			178			0			0			
534			2670			178			178			0			0			
712			2136			712			712			4			4			7		7		12		14		
712			2136			356			356			0			0			
1068			2136			356			356			4			0			
1068			2136			178			178			0			0			
1246			2136			178			178			4			4			12		12		12		14		
1246			2136			89			89			0			0			
1335			2136			89			89			0			0			
1246			2225			89			89			0			0			
1335			2225			89			89			4			1			14		
1335			2225			44			44			0			0			
1379			2225			44			44			0			0			
1335			2269			44			44			4			2			14		14		
1335			2269			22			22			0			0			
1357			2269			22			22			0			0			
1335			2291			22			22			0			0			
1357			2291			22			22			0			0			
1379			2269			44			44			0			0			
1068			2314			178			178			4			1			12		
1068			2314			89			89			0			0			
1157			2314			89			89			4			0			
1157			2314			44			44			0			0			
1201			2314			44			44			4			1			12		
1201			2314			22			22			0			0			
1223			2314			22			22			0			0			
1201			2336			22			22			0			0			
1223			2336			22			22			0			0			
1157			2358			44			44			4			1			12		
1157			2358			22			22			0			0			
1179			2358			22			22			0			0			
1157			2380			22			22			0			0			
1179			2380			22			22			0			0			
1201			2358			44			44			0			0			
1068			2403			89			89			4			1			12		
1068			2403			44			44			0			0			
1112			2403			44			44			0			0			
1068			2447			44			44			4			1			12		
1068			2447			22			22			0			0			
1090			2447			22			22			0			0			
1068			2469			22			22			0			0			
1090			2469			22			22			0			0			
1112			2447			44			44			0			0			
1157			2403			89			89			0			0			
1246			2314			178			178			4			0			
1246			2314			89			89			0			0			
1335			2314			89			89			0			0			
1246			2403			89			89			0			0			
1335			2403			89			89			4			4			4		4		14		14		
1335			2403			44			44			0			0			
1379			2403			44			44			0			0			
1335			2447			44			44			4			2			14		14		
1335			2447			22			22			0			0			
1357			2447			22			22			0			0			
1335			2469			22			22			0			0			
1357			2469			22			22			0			0			
1379			2447			44			44			4			1			14		
1379			2447			22			22			0			0			
1401			2447			22			22			0			0			
1379			2469			22			22			0			0			
1401			2469			22			22			0			0			
712			2492			356			356			4			3			7		7		14		
712			2492			178			178			4			12			7		7		14		14		14		14		14		14		14		14		14		14		
712			2492			89			89			4			2			7		7		
712			2492			44			44			4			1			11		
712			2492			22			22			0			0			
734			2492			22			22			0			0			
712			2514			22			22			0			0			
734			2514			22			22			0			0			
756			2492			44			44			0			0			
712			2536			44			44			4			3			7		7		7		
712			2536			22			22			0			0			
734			2536			22			22			0			0			
712			2558			22			22			0			0			
734			2558			22			22			4			1			7		
734			2558			11			11			0			0			
745			2558			11			11			0			0			
734			2569			11			11			0			0			
745			2569			11			11			0			0			
756			2536			44			44			4			3			7		7		7		
756			2536			22			22			0			0			
778			2536			22			22			0			0			
756			2558			22			22			0			0			
778			2558			22			22			4			1			7		
778			2558			11			11			0			0			
789			2558			11			11			0			0			
778			2569			11			11			0			0			
789			2569			11			11			0			0			
801			2492			89			89			4			2			7		7		
801			2492			44			44			0			0			
845			2492			44			44			4			1			0		
845			2492			22			22			0			0			
867			2492			22			22			0			0			
845			2514			22			22			0			0			
867			2514			22			22			0			0			
801			2536			44			44			4			2			7		7		
801			2536			22			22			0			0			
823			2536			22			22			0			0			
801			2558			22			22			0			0			
823			2558			22			22			0			0			
845			2536			44			44			4			3			7		7		7		
845			2536			22			22			0			0			
867			2536			22			22			0			0			
845			2558			22			22			4			1			7		
845			2558			11			11			0			0			
856			2558			11			11			0			0			
845			2569			11			11			0			0			
856			2569			11			11			0			0			
867			2558			22			22			0			0			
712			2581			89			89			0			0			
801			2581			89			89			0			0			
890			2492			178			178			4			12			7		7		14		14		14		14		14		14		14		14		14		14		
890			2492			89			89			4			3			1		7		7		
890			2492			44			44			4			1			0		
890			2492			22			22			0			0			
912			2492			22			22			0			0			
890			2514			22			22			0			0			
912			2514			22			22			0			0			
934			2492			44			44			0			0			
890			2536			44			44			4			2			7		7		
890			2536			22			22			0			0			
912			2536			22			22			0			0			
890			2558			22			22			4			1			7		
890			2558			11			11			0			0			
901			2558			11			11			0			0			
890			2569			11			11			0			0			
901			2569			11			11			0			0			
912			2558			22			22			4			1			7		
912			2558			11			11			0			0			
923			2558			11			11			0			0			
912			2569			11			11			0			0			
923			2569			11			11			0			0			
934			2536			44			44			4			3			7		7		7		
934			2536			22			22			0			0			
956			2536			22			22			0			0			
934			2558			22			22			0			0			
956			2558			22			22			4			1			7		
956			2558			11			11			0			0			
967			2558			11			11			0			0			
956			2569			11			11			0			0			
967			2569			11			11			0			0			
979			2492			89			89			4			2			7		7		
979			2492			44			44			0			0			
1023			2492			44			44			0			0			
979			2536			44			44			4			2			7		7		
979			2536			22			22			0			0			
1001			2536			22			22			0			0			
979			2558			22			22			0			0			
1001			2558			22			22			0			0			
1023			2536			44			44			4			3			7		7		7		
1023			2536			22			22			0			0			
1045			2536			22			22			0			0			
1023			2558			22			22			4			1			7		
1023			2558			11			11			0			0			
1034			2558			11			11			0			0			
1023			2569			11			11			0			0			
1034			2569			11			11			0			0			
1045			2558			22			22			0			0			
890			2581			89			89			0			0			
979			2581			89			89			0			0			
712			2670			178			178			0			0			
890			2670			178			178			0			0			
1068			2492			356			356			4			2			7		14		
1068			2492			178			178			4			10			14		14		14		14		14		14		14		14		14		14		
1068			2492			89			89			4			0			
1068			2492			44			44			0			0			
1112			2492			44			44			0			0			
1068			2536			44			44			4			3			7		7		7		
1068			2536			22			22			0			0			
1090			2536			22			22			0			0			
1068			2558			22			22			4			1			7		
1068			2558			11			11			0			0			
1079			2558			11			11			0			0			
1068			2569			11			11			0			0			
1079			2569			11			11			0			0			
1090			2558			22			22			0			0			
1112			2536			44			44			0			0			
1157			2492			89			89			4			1			7		
1157			2492			44			44			0			0			
1201			2492			44			44			0			0			
1157			2536			44			44			4			1			7		
1157			2536			22			22			0			0			
1179			2536			22			22			0			0			
1157			2558			22			22			0			0			
1179			2558			22			22			4			1			7		
1179			2558			11			11			0			0			
1190			2558			11			11			0			0			
1179			2569			11			11			0			0			
1190			2569			11			11			0			0			
1201			2536			44			44			4			1			7		
1201			2536			22			22			0			0			
1223			2536			22			22			0			0			
1201			2558			22			22			0			0			
1223			2558			22			22			0			0			
1068			2581			89			89			0			0			
1157			2581			89			89			0			0			
1246			2492			178			178			4			14			7		14		14		14		14		14		14		14		14		14		14		14		14		14		
1246			2492			89			89			4			4			7		14		14		14		
1246			2492			44			44			0			0			
1290			2492			44			44			4			0			
1290			2492			22			22			0			0			
1312			2492			22			22			4			1			14		
1312			2492			11			11			0			0			
1323			2492			11			11			0			0			
1312			2503			11			11			0			0			
1323			2503			11			11			0			0			
1290			2514			22			22			0			0			
1312			2514			22			22			0			0			
1246			2536			44			44			4			1			7		
1246			2536			22			22			0			0			
1268			2536			22			22			0			0			
1246			2558			22			22			4			1			7		
1246			2558			11			11			0			0			
1257			2558			11			11			0			0			
1246			2569			11			11			0			0			
1257			2569			11			11			0			0			
1268			2558			22			22			0			0			
1290			2536			44			44			4			0			
1290			2536			22			22			0			0			
1312			2536			22			22			0			0			
1290			2558			22			22			4			1			7		
1290			2558			11			11			0			0			
1301			2558			11			11			0			0			
1290			2569			11			11			0			0			
1301			2569			11			11			0			0			
1312			2558			22			22			4			1			7		
1312			2558			11			11			0			0			
1323			2558			11			11			0			0			
1312			2569			11			11			0			0			
1323			2569			11			11			0			0			
1335			2492			89			89			4			7			7		7		14		14		14		14		14		
1335			2492			44			44			4			1			14		
1335			2492			22			22			0			0			
1357			2492			22			22			4			1			14		
1357			2492			11			11			0			0			
1368			2492			11			11			0			0			
1357			2503			11			11			0			0			
1368			2503			11			11			0			0			
1335			2514			22			22			0			0			
1357			2514			22			22			0			0			
1379			2492			44			44			4			1			14		
1379			2492			22			22			0			0			
1401			2492			22			22			0			0			
1379			2514			22			22			0			0			
1401			2514			22			22			0			0			
1335			2536			44			44			4			1			7		
1335			2536			22			22			0			0			
1357			2536			22			22			0			0			
1335			2558			22			22			0			0			
1357			2558			22			22			4			1			7		
1357			2558			11			11			0			0			
1368			2558			11			11			0			0			
1357			2569			11			11			0			0			
1368			2569			11			11			0			0			
1379			2536			44			44			4			1			7		
1379			2536			22			22			0			0			
1401			2536			22			22			0			0			
1379			2558			22			22			0			0			
1401			2558			22			22			0			0			
1246			2581			89			89			0			0			
1335			2581			89			89			0			0			
1068			2670			178			178			0			0			
1246			2670			178			178			0			0			
1424			1424			1424			1424			4			3			7		10		14		
1424			1424			712			712			0			0			
2136			1424			712			712			0			0			
1424			2136			712			712			4			6			3		7		7		7		12		14		
1424			2136			356			356			4			2			12		14		
1424			2136			178			178			4			1			12		
1424			2136			89			89			0			0			
1513			2136			89			89			0			0			
1424			2225			89			89			4			3			10		12		13		
1424			2225			44			44			0			0			
1468			2225			44			44			0			0			
1424			2269			44			44			0			0			
1468			2269			44			44			0			0			
1513			2225			89			89			4			1			12		
1513			2225			44			44			0			0			
1557			2225			44			44			0			0			
1513			2269			44			44			0			0			
1557			2269			44			44			4			1			12		
1557			2269			22			22			0			0			
1579			2269			22			22			4			1			12		
1579			2269			11			11			0			0			
1590			2269			11			11			0			0			
1579			2280			11			11			0			0			
1590			2280			11			11			0			0			
1557			2291			22			22			0			0			
1579			2291			22			22			0			0			
1602			2136			178			178			4			1			12		
1602			2136			89			89			0			0			
1691			2136			89			89			0			0			
1602			2225			89			89			4			3			12		12		12		
1602			2225			44			44			0			0			
1646			2225			44			44			0			0			
1602			2269			44			44			0			0			
1646			2269			44			44			0			0			
1691			2225			89			89			4			1			12		
1691			2225			44			44			0			0			
1735			2225			44			44			0			0			
1691			2269			44			44			4			1			12		
1691			2269			22			22			0			0			
1713			2269			22			22			0			0			
1691			2291			22			22			0			0			
1713			2291			22			22			0			0			
1735			2269			44			44			0			0			
1424			2314			178			178			4			1			14		
1424			2314			89			89			4			1			14		
1424			2314			44			44			4			1			14		
1424			2314			22			22			0			0			
1446			2314			22			22			0			0			
1424			2336			22			22			4			1			14		
1424			2336			11			11			0			0			
1435			2336			11			11			0			0			
1424			2347			11			11			0			0			
1435			2347			11			11			0			0			
1446			2336			22			22			0			0			
1468			2314			44			44			4			0			
1468			2314			22			22			0			0			
1490			2314			22			22			0			0			
1468			2336			22			22			4			1			14		
1468			2336			11			11			0			0			
1479			2336			11			11			0			0			
1468			2347			11			11			0			0			
1479			2347			11			11			0			0			
1490			2336			22			22			0			0			
1424			2358			44			44			0			0			
1468			2358			44			44			0			0			
1513			2314			89			89			4			1			14		
1513			2314			44			44			4			1			14		
1513			2314			22			22			0			0			
1535			2314			22			22			4			1			14		
1535			2314			11			11			0			0			
1546			2314			11			11			0			0			
1535			2325			11			11			0			0			
1546			2325			11			11			0			0			
1513			2336			22			22			0			0			
1535			2336			22			22			0			0			
1557			2314			44			44			4			1			14		
1557			2314			22			22			0			0			
1579			2314			22			22			4			1			14		
1579			2314			11			11			0			0			
1590			2314			11			11			0			0			
1579			2325			11			11			0			0			
1590			2325			11			11			0			0			
1557			2336			22			22			0			0			
1579			2336			22			22			0			0			
1513			2358			44			44			0			0			
1557			2358			44			44			0			0			
1424			2403			89			89			4			1			4		
1424			2403			44			44			0			0			
1468			2403			44			44			0			0			
1424			2447			44			44			4			2			14		14		
1424			2447			22			22			0			0			
1446			2447			22			22			0			0			
1424			2469			22			22			0			0			
1446			2469			22			22			0			0			
1468			2447			44			44			0			0			
1513			2403			89			89			0			0			
1602			2314			178			178			4			1			14		
1602			2314			89			89			4			1			14		
1602			2314			44			44			4			1			14		
1602			2314			22			22			0			0			
1624			2314			22			22			0			0			
1602			2336			22			22			0			0			
1624			2336			22			22			0			0			
1646			2314			44			44			4			1			14		
1646			2314			22			22			4			1			14		
1646			2314			11			11			0			0			
1657			2314			11			11			0			0			
1646			2325			11			11			0			0			
1657			2325			11			11			0			0			
1668			2314			22			22			0			0			
1646			2336			22			22			0			0			
1668			2336			22			22			0			0			
1602			2358			44			44			0			0			
1646			2358			44			44			0			0			
1691			2314			89			89			4			0			
1691			2314			44			44			4			0			
1691			2314			22			22			4			1			14		
1691			2314			11			11			0			0			
1702			2314			11			11			0			0			
1691			2325			11			11			0			0			
1702			2325			11			11			0			0			
1713			2314			22			22			0			0			
1691			2336			22			22			0			0			
1713			2336			22			22			0			0			
1735			2314			44			44			0			0			
1691			2358			44			44			0			0			
1735			2358			44			44			0			0			
1602			2403			89			89			0			0			
1691			2403			89			89			0			0			
1780			2136			356			356			4			0			
1780			2136			178			178			4			1			12		
1780			2136			89			89			0			0			
1869			2136			89			89			0			0			
1780			2225			89			89			4			0			
1780			2225			44			44			0			0			
1824			2225			44			44			4			1			12		
1824			2225			22			22			0			0			
1846			2225			22			22			0			0			
1824			2247			22			22			0			0			
1846			2247			22			22			0			0			
1780			2269			44			44			0			0			
1824			2269			44			44			0			0			
1869			2225			89			89			0			0			
1958			2136			178			178			0			0			
1780			2314			178			178			0			0			
1958			2314			178			178			0			0			
1424			2492			356			356			4			4			7		7		7		14		
1424			2492			178			178			4			12			7		14		14		14		14		14		14		14		14		14		14		14		
1424			2492			89			89			4			2			2		7		
1424			2492			44			44			0			0			
1468			2492			44			44			4			2			11		13		
1468			2492			22			22			0			0			
1490			2492			22			22			0			0			
1468			2514			22			22			0			0			
1490			2514			22			22			0			0			
1424			2536			44			44			4			1			7		
1424			2536			22			22			0			0			
1446			2536			22			22			0			0			
1424			2558			22			22			4			1			7		
1424			2558			11			11			0			0			
1435			2558			11			11			0			0			
1424			2569			11			11			0			0			
1435			2569			11			11			0			0			
1446			2558			22			22			0			0			
1468			2536			44			44			4			1			7		
1468			2536			22			22			0			0			
1490			2536			22			22			0			0			
1468			2558			22			22			4			1			7		
1468			2558			11			11			0			0			
1479			2558			11			11			0			0			
1468			2569			11			11			0			0			
1479			2569			11			11			0			0			
1490			2558			22			22			0			0			
1513			2492			89			89			4			1			7		
1513			2492			44			44			0			0			
1557			2492			44			44			0			0			
1513			2536			44			44			0			0			
1557			2536			44			44			4			2			7		7		
1557			2536			22			22			0			0			
1579			2536			22			22			0			0			
1557			2558			22			22			0			0			
1579			2558			22			22			4			1			7		
1579			2558			11			11			0			0			
1590			2558			11			11			0			0			
1579			2569			11			11			0			0			
1590			2569			11			11			0			0			
1424			2581			89			89			0			0			
1513			2581			89			89			0			0			
1602			2492			178			178			4			14			7		7		7		7		14		14		14		14		14		14		14		14		14		14		
1602			2492			89			89			4			1			7		
1602			2492			44			44			4			1			7		
1602			2492			22			22			0			0			
1624			2492			22			22			0			0			
1602			2514			22			22			0			0			
1624			2514			22			22			0			0			
1646			2492			44			44			0			0			
1602			2536			44			44			4			2			7		7		
1602			2536			22			22			0			0			
1624			2536			22			22			0			0			
1602			2558			22			22			0			0			
1624			2558			22			22			0			0			
1646			2536			44			44			0			0			
1691			2492			89			89			4			2			7		7		
1691			2492			44			44			0			0			
1735			2492			44			44			0			0			
1691			2536			44			44			4			3			7		7		7		
1691			2536			22			22			0			0			
1713			2536			22			22			0			0			
1691			2558			22			22			4			1			7		
1691			2558			11			11			0			0			
1702			2558			11			11			0			0			
1691			2569			11			11			0			0			
1702			2569			11			11			0			0			
1713			2558			22			22			0			0			
1735			2536			44			44			4			1			7		
1735			2536			22			22			0			0			
1757			2536			22			22			0			0			
1735			2558			22			22			0			0			
1757			2558			22			22			4			1			7		
1757			2558			11			11			0			0			
1768			2558			11			11			0			0			
1757			2569			11			11			0			0			
1768			2569			11			11			0			0			
1602			2581			89			89			0			0			
1691			2581			89			89			0			0			
1424			2670			178			178			0			0			
1602			2670			178			178			0			0			
1780			2492			356			356			4			2			7		14		
1780			2492			178			178			4			11			7		14		14		14		14		14		14		14		14		14		14		
1780			2492			89			89			4			2			8		8		
1780			2492			44			44			0			0			
1824			2492			44			44			0			0			
1780			2536			44			44			4			3			5		7		9		
1780			2536			22			22			0			0			
1802			2536			22			22			0			0			
1780			2558			22			22			0			0			
1802			2558			22			22			4			1			7		
1802			2558			11			11			0			0			
1813			2558			11			11			0			0			
1802			2569			11			11			0			0			
1813			2569			11			11			0			0			
1824			2536			44			44			4			2			7		9		
1824			2536			22			22			0			0			
1846			2536			22			22			0			0			
1824			2558			22			22			4			1			7		
1824			2558			11			11			0			0			
1835			2558			11			11			0			0			
1824			2569			11			11			0			0			
1835			2569			11			11			0			0			
1846			2558			22			22			0			0			
1869			2492			89			89			4			4			6		7		9		9		
1869			2492			44			44			4			2			8		8		
1869			2492			22			22			0			0			
1891			2492			22			22			0			0			
1869			2514			22			22			0			0			
1891			2514			22			22			0			0			
1913			2492			44			44			0			0			
1869			2536			44			44			4			3			7		9		9		
1869			2536			22			22			0			0			
1891			2536			22			22			0			0			
1869			2558			22			22			4			1			7		
1869			2558			11			11			0			0			
1880			2558			11			11			0			0			
1869			2569			11			11			0			0			
1880			2569			11			11			0			0			
1891			2558			22			22			0			0			
1913			2536			44			44			4			1			7		
1913			2536			22			22			0			0			
1935			2536			22			22			0			0			
1913			2558			22			22			0			0			
1935			2558			22			22			4			1			7		
1935			2558			11			11			0			0			
1946			2558			11			11			0			0			
1935			2569			11			11			0			0			
1946			2569			11			11			0			0			
1780			2581			89			89			0			0			
1869			2581			89			89			0			0			
1958			2492			178			178			4			14			7		10		10		10		14		14		14		14		14		14		14		14		14		14		
1958			2492			89			89			4			6			7		10		10		10		10		10		
1958			2492			44			44			0			0			
2002			2492			44			44			4			1			10		
2002			2492			22			22			0			0			
2024			2492			22			22			0			0			
2002			2514			22			22			0			0			
2024			2514			22			22			0			0			
1958			2536			44			44			4			3			7		10		10		
1958			2536			22			22			0			0			
1980			2536			22			22			0			0			
1958			2558			22			22			0			0			
1980			2558			22			22			4			1			7		
1980			2558			11			11			0			0			
1991			2558			11			11			0			0			
1980			2569			11			11			0			0			
1991			2569			11			11			0			0			
2002			2536			44			44			4			2			7		10		
2002			2536			22			22			0			0			
2024			2536			22			22			0			0			
2002			2558			22			22			0			0			
2024			2558			22			22			0			0			
2047			2492			89			89			4			3			7		10		10		
2047			2492			44			44			4			1			10		
2047			2492			22			22			0			0			
2069			2492			22			22			0			0			
2047			2514			22			22			0			0			
2069			2514			22			22			0			0			
2091			2492			44			44			0			0			
2047			2536			44			44			4			3			7		10		10		
2047			2536			22			22			0			0			
2069			2536			22			22			0			0			
2047			2558			22			22			4			1			7		
2047			2558			11			11			0			0			
2058			2558			11			11			0			0			
2047			2569			11			11			0			0			
2058			2569			11			11			0			0			
2069			2558			22			22			0			0			
2091			2536			44			44			4			2			7		10		
2091			2536			22			22			0			0			
2113			2536			22			22			0			0			
2091			2558			22			22			4			1			7		
2091			2558			11			11			0			0			
2102			2558			11			11			0			0			
2091			2569			11			11			0			0			
2102			2569			11			11			0			0			
2113			2558			22			22			0			0			
1958			2581			89			89			0			0			
2047			2581			89			89			0			0			
1780			2670			178			178			0			0			
1958			2670			178			178			0			0			
2136			2136			712			712			4			3			7		14		14		
2136			2136			356			356			4			2			9		9		
2136			2136			178			178			4			0			
2136			2136			89			89			0			0			
2225			2136			89			89			0			0			
2136			2225			89			89			0			0			
2225			2225			89			89			4			2			8		8		
2225			2225			44			44			0			0			
2269			2225			44			44			0			0			
2225			2269			44			44			0			0			
2269			2269			44			44			4			3			9		9		9		
2269			2269			22			22			4			1			9		
2269			2269			11			11			0			0			
2280			2269			11			11			0			0			
2269			2280			11			11			0			0			
2280			2280			11			11			0			0			
2291			2269			22			22			0			0			
2269			2291			22			22			0			0			
2291			2291			22			22			0			0			
2314			2136			178			178			0			0			
2136			2314			178			178			4			3			9		9		14		
2136			2314			89			89			0			0			
2225			2314			89			89			4			2			9		9		
2225			2314			44			44			0			0			
2269			2314			44			44			4			2			9		9		
2269			2314			22			22			4			1			9		
2269			2314			11			11			0			0			
2280			2314			11			11			0			0			
2269			2325			11			11			0			0			
2280			2325			11			11			0			0			
2291			2314			22			22			0			0			
2269			2336			22			22			4			1			9		
2269			2336			11			11			0			0			
2280			2336			11			11			0			0			
2269			2347			11			11			0			0			
2280			2347			11			11			0			0			
2291			2336			22			22			0			0			
2225			2358			44			44			0			0			
2269			2358			44			44			4			3			9		9		9		
2269			2358			22			22			0			0			
2291			2358			22			22			0			0			
2269			2380			22			22			4			1			9		
2269			2380			11			11			0			0			
2280			2380			11			11			0			0			
2269			2391			11			11			0			0			
2280			2391			11			11			0			0			
2291			2380			22			22			0			0			
2136			2403			89			89			4			0			
2136			2403			44			44			0			0			
2180			2403			44			44			4			2			14		14		
2180			2403			22			22			0			0			
2202			2403			22			22			0			0			
2180			2425			22			22			0			0			
2202			2425			22			22			0			0			
2136			2447			44			44			0			0			
2180			2447			44			44			0			0			
2225			2403			89			89			4			2			9		9		
2225			2403			44			44			0			0			
2269			2403			44			44			4			2			9		9		
2269			2403			22			22			0			0			
2291			2403			22			22			0			0			
2269			2425			22			22			0			0			
2291			2425			22			22			0			0			
2225			2447			44			44			0			0			
2269			2447			44			44			4			1			7		
2269			2447			22			22			4			1			7		
2269			2447			11			11			0			0			
2280			2447			11			11			0			0			
2269			2458			11			11			0			0			
2280			2458			11			11			0			0			
2291			2447			22			22			0			0			
2269			2469			22			22			0			0			
2291			2469			22			22			0			0			
2314			2314			178			178			0			0			
2492			2136			356			356			0			0			
2136			2492			356			356			4			3			7		14		14		
2136			2492			178			178			4			9			7		14		14		14		14		14		14		14		14		
2136			2492			89			89			4			2			7		14		
2136			2492			44			44			4			1			14		
2136			2492			22			22			0			0			
2158			2492			22			22			0			0			
2136			2514			22			22			0			0			
2158			2514			22			22			0			0			
2180			2492			44			44			4			1			14		
2180			2492			22			22			0			0			
2202			2492			22			22			0			0			
2180			2514			22			22			0			0			
2202			2514			22			22			0			0			
2136			2536			44			44			4			1			7		
2136			2536			22			22			0			0			
2158			2536			22			22			0			0			
2136			2558			22			22			0			0			
2158			2558			22			22			4			1			7		
2158			2558			11			11			0			0			
2169			2558			11			11			0			0			
2158			2569			11			11			0			0			
2169			2569			11			11			0			0			
2180			2536			44			44			4			1			7		
2180			2536			22			22			0			0			
2202			2536			22			22			0			0			
2180			2558			22			22			0			0			
2202			2558			22			22			4			1			7		
2202			2558			11			11			0			0			
2213			2558			11			11			0			0			
2202			2569			11			11			0			0			
2213			2569			11			11			0			0			
2225			2492			89			89			4			2			9		9		
2225			2492			44			44			0			0			
2269			2492			44			44			4			2			7		7		
2269			2492			22			22			0			0			
2291			2492			22			22			0			0			
2269			2514			22			22			0			0			
2291			2514			22			22			0			0			
2225			2536			44			44			4			1			7		
2225			2536			22			22			0			0			
2247			2536			22			22			0			0			
2225			2558			22			22			0			0			
2247			2558			22			22			0			0			
2269			2536			44			44			4			3			7		9		9		
2269			2536			22			22			0			0			
2291			2536			22			22			0			0			
2269			2558			22			22			4			1			7		
2269			2558			11			11			0			0			
2280			2558			11			11			0			0			
2269			2569			11			11			0			0			
2280			2569			11			11			0			0			
2291			2558			22			22			0			0			
2136			2581			89			89			0			0			
2225			2581			89			89			0			0			
2314			2492			178			178			4			9			7		14		14		14		14		14		14		14		14		
2314			2492			89			89			4			4			7		8		8		9		
2314			2492			44			44			0			0			
2358			2492			44			44			0			0			
2314			2536			44			44			4			1			9		
2314			2536			22			22			0			0			
2336			2536			22			22			0			0			
2314			2558			22			22			4			1			7		
2314			2558			11			11			0			0			
2325			2558			11			11			0			0			
2314			2569			11			11			0			0			
2325			2569			11			11			0			0			
2336			2558			22			22			4			1			7		
2336			2558			11			11			0			0			
2347			2558			11			11			0			0			
2336			2569			11			11			0			0			
2347			2569			11			11			0			0			
2358			2536			44			44			4			1			7		
2358			2536			22			22			0			0			
2380			2536			22			22			0			0			
2358			2558			22			22			0			0			
2380			2558			22			22			4			1			7		
2380			2558			11			11			0			0			
2391			2558			11			11			0			0			
2380			2569			11			11			0			0			
2391			2569			11			11			0			0			
2403			2492			89			89			4			1			7		
2403			2492			44			44			0			0			
2447			2492			44			44			0			0			
2403			2536			44			44			4			1			7		
2403			2536			22			22			0			0			
2425			2536			22			22			0			0			
2403			2558			22			22			0			0			
2425			2558			22			22			0			0			
2447			2536			44			44			4			1			7		
2447			2536			22			22			0			0			
2469			2536			22			22			0			0			
2447			2558			22			22			4			1			7		
2447			2558			11			11			0			0			
2458			2558			11			11			0			0			
2447			2569			11			11			0			0			
2458			2569			11			11			0			0			
2469			2558			22			22			0			0			
2314			2581			89			89			0			0			
2403			2581			89			89			0			0			
2136			2670			178			178			4			1			14		
2136			2670			89			89			0			0			
2225			2670			89			89			0			0			
2136			2759			89			89			4			5			14		14		14		14		14		
2136			2759			44			44			0			0			
2180			2759			44			44			0			0			
2136			2803			44			44			0			0			
2180			2803			44			44			0			0			
2225			2759			89			89			4			4			14		14		14		14		
2225			2759			44			44			0			0			
2269			2759			44			44			0			0			
2225			2803			44			44			0			0			
2269			2803			44			44			0			0			
2314			2670			178			178			4			6			12		12		12		12		12		14		
2314			2670			89			89			4			1			12		
2314			2670			44			44			0			0			
2358			2670			44			44			4			1			12		
2358			2670			22			22			0			0			
2380			2670			22			22			4			1			12		
2380			2670			11			11			0			0			
2391			2670			11			11			0			0			
2380			2681			11			11			0			0			
2391			2681			11			11			0			0			
2358			2692			22			22			0			0			
2380			2692			22			22			0			0			
2314			2714			44			44			0			0			
2358			2714			44			44			4			1			12		
2358			2714			22			22			0			0			
2380			2714			22			22			4			1			12		
2380			2714			11			11			0			0			
2391			2714			11			11			0			0			
2380			2725			11			11			0			0			
2391			2725			11			11			0			0			
2358			2736			22			22			0			0			
2380			2736			22			22			0			0			
2403			2670			89			89			0			0			
2314			2759			89			89			4			5			14		14		14		14		14		
2314			2759			44			44			0			0			
2358			2759			44			44			4			2			12		12		
2358			2759			22			22			0			0			
2380			2759			22			22			0			0			
2358			2781			22			22			0			0			
2380			2781			22			22			0			0			
2314			2803			44			44			0			0			
2358			2803			44			44			0			0			
2403			2759			89			89			4			4			14		14		14		14		
2403			2759			44			44			0			0			
2447			2759			44			44			0			0			
2403			2803			44			44			0			0			
2447			2803			44			44			0			0			
2492			2492			356			356			4			2			7		14		
2492			2492			178			178			4			11			7		14		14		14		14		14		14		14		14		14		14		
2492			2492			89			89			4			1			7		
2492			2492			44			44			0			0			
2536			2492			44			44			0			0			
2492			2536			44			44			4			1			7		
2492			2536			22			22			0			0			
2514			2536			22			22			0			0			
2492			2558			22			22			4			1			7		
2492			2558			11			11			0			0			
2503			2558			11			11			0			0			
2492			2569			11			11			0			0			
2503			2569			11			11			0			0			
2514			2558			22			22			0			0			
2536			2536			44			44			4			1			7		
2536			2536			22			22			0			0			
2558			2536			22			22			0			0			
2536			2558			22			22			0			0			
2558			2558			22			22			4			1			7		
2558			2558			11			11			0			0			
2569			2558			11			11			0			0			
2558			2569			11			11			0			0			
2569			2569			11			11			0			0			
2581			2492			89			89			4			1			7		
2581			2492			44			44			0			0			
2625			2492			44			44			0			0			
2581			2536			44			44			4			1			7		
2581			2536			22			22			0			0			
2603			2536			22			22			0			0			
2581			2558			22			22			0			0			
2603			2558			22			22			4			1			7		
2603			2558			11			11			0			0			
2614			2558			11			11			0			0			
2603			2569			11			11			0			0			
2614			2569			11			11			0			0			
2625			2536			44			44			4			1			7		
2625			2536			22			22			0			0			
2647			2536			22			22			0			0			
2625			2558			22			22			0			0			
2647			2558			22			22			0			0			
2492			2581			89			89			0			0			
2581			2581			89			89			0			0			
2670			2492			178			178			4			11			7		14		14		14		14		14		14		14		14		14		14		
2670			2492			89			89			4			1			7		
2670			2492			44			44			0			0			
2714			2492			44			44			0			0			
2670			2536			44			44			4			1			7		
2670			2536			22			22			0			0			
2692			2536			22			22			0			0			
2670			2558			22			22			4			1			7		
2670			2558			11			11			0			0			
2681			2558			11			11			0			0			
2670			2569			11			11			0			0			
2681			2569			11			11			0			0			
2692			2558			22			22			0			0			
2714			2536			44			44			4			0			
2714			2536			22			22			0			0			
2736			2536			22			22			0			0			
2714			2558			22			22			4			1			7		
2714			2558			11			11			0			0			
2725			2558			11			11			0			0			
2714			2569			11			11			0			0			
2725			2569			11			11			0			0			
2736			2558			22			22			4			1			7		
2736			2558			11			11			0			0			
2747			2558			11			11			0			0			
2736			2569			11			11			0			0			
2747			2569			11			11			0			0			
2759			2492			89			89			4			1			7		
2759			2492			44			44			0			0			
2803			2492			44			44			0			0			
2759			2536			44			44			4			1			7		
2759			2536			22			22			0			0			
2781			2536			22			22			0			0			
2759			2558			22			22			0			0			
2781			2558			22			22			4			1			7		
2781			2558			11			11			0			0			
2792			2558			11			11			0			0			
2781			2569			11			11			0			0			
2792			2569			11			11			0			0			
2803			2536			44			44			4			1			7		
2803			2536			22			22			0			0			
2825			2536			22			22			0			0			
2803			2558			22			22			0			0			
2825			2558			22			22			0			0			
2670			2581			89			89			0			0			
2759			2581			89			89			0			0			
2492			2670			178			178			4			1			14		
2492			2670			89			89			0			0			
2581			2670			89			89			0			0			
2492			2759			89			89			4			5			14		14		14		14		14		
2492			2759			44			44			0			0			
2536			2759			44			44			0			0			
2492			2803			44			44			0			0			
2536			2803			44			44			0			0			
2581			2759			89			89			4			4			14		14		14		14		
2581			2759			44			44			0			0			
2625			2759			44			44			0			0			
2581			2803			44			44			0			0			
2625			2803			44			44			0			0			
2670			2670			178			178			0			0			
