302
6 
0 
0 
16 
2848

6 
2832 
0 
16 
2848

6 0 2577 2848 16

6 0 2128 2848 16

7 239 2450 16 16

7 590 2450 16 16

8 246 2450 16 20

8 156 2450 16 20

9 655 2450 16 20

9 1465 2559 16 20

10 1931 2523 16 20

11 1436 2462 16 22

11 250 2463 16 22

0
640
2544
16
16

0
16
2560
16
16

0
1168
2560
16
16

0
1552
2560
16
16

0
1680
2560
16
16

0
2272
2560
16
16

0
656
2544
16
16

0
672
2544
16
16

0
688
2544
16
16

0
704
2544
16
16

0
720
2544
16
16

0
736
2544
16
16

0
752
2544
16
16

0
768
2544
16
16

0
784
2544
16
16

0
800
2544
16
16

0
816
2544
16
16

0
832
2544
16
16

0
848
2544
16
16

0
864
2544
16
16

0
880
2544
16
16

0
896
2544
16
16

0
912
2544
16
16

0
928
2544
16
16

0
944
2544
16
16

0
960
2544
16
16

0
976
2544
16
16

0
992
2544
16
16

0
1008
2544
16
16

0
1024
2544
16
16

0
1040
2544
16
16

0
1056
2544
16
16

0
1072
2544
16
16

0
32
2560
16
16

0
48
2560
16
16

0
64
2560
16
16

0
80
2560
16
16

0
96
2560
16
16

0
112
2560
16
16

0
128
2560
16
16

0
144
2560
16
16

0
160
2560
16
16

0
176
2560
16
16

0
192
2560
16
16

0
208
2560
16
16

0
224
2560
16
16

0
240
2560
16
16

0
256
2560
16
16

0
272
2560
16
16

0
288
2560
16
16

0
304
2560
16
16

0
320
2560
16
16

0
336
2560
16
16

0
352
2560
16
16

0
368
2560
16
16

0
384
2560
16
16

0
400
2560
16
16

0
416
2560
16
16

0
432
2560
16
16

0
448
2560
16
16

0
464
2560
16
16

0
480
2560
16
16

0
496
2560
16
16

0
512
2560
16
16

0
528
2560
16
16

0
544
2560
16
16

0
560
2560
16
16

0
576
2560
16
16

0
592
2560
16
16

0
608
2560
16
16

0
1184
2560
16
16

0
1200
2560
16
16

0
1216
2560
16
16

0
1232
2560
16
16

0
1248
2560
16
16

0
1264
2560
16
16

0
1280
2560
16
16

0
1296
2560
16
16

0
1312
2560
16
16

0
1328
2560
16
16

0
1344
2560
16
16

0
1360
2560
16
16

0
1376
2560
16
16

0
1392
2560
16
16

0
1408
2560
16
16

0
1424
2560
16
16

0
1440
2560
16
16

0
1456
2560
16
16

0
1472
2560
16
16

0
1488
2560
16
16

0
1568
2560
16
16

0
1584
2560
16
16

0
1600
2560
16
16

0
1696
2560
16
16

0
1712
2560
16
16

0
1728
2560
16
16

0
1744
2560
16
16

0
1760
2560
16
16

0
1776
2560
16
16

0
1792
2560
16
16

0
1808
2560
16
16

0
1824
2560
16
16

0
1840
2560
16
16

0
1856
2560
16
16

0
1872
2560
16
16

0
1888
2560
16
16

0
1904
2560
16
16

0
1920
2560
16
16

0
1936
2560
16
16

0
1952
2560
16
16

0
1968
2560
16
16

0
1984
2560
16
16

0
2000
2560
16
16

0
2016
2560
16
16

0
2032
2560
16
16

0
2048
2560
16
16

0
2064
2560
16
16

0
2080
2560
16
16

0
2096
2560
16
16

0
2112
2560
16
16

0
2128
2560
16
16

0
2144
2560
16
16

0
2160
2560
16
16

0
2176
2560
16
16

0
2192
2560
16
16

0
2208
2560
16
16

0
2224
2560
16
16

0
2288
2560
16
16

0
2304
2560
16
16

0
2320
2560
16
16

0
2336
2560
16
16

0
2352
2560
16
16

0
2368
2560
16
16

0
2384
2560
16
16

0
2400
2560
16
16

0
2416
2560
16
16

0
2432
2560
16
16

0
2448
2560
16
16

0
2464
2560
16
16

0
2480
2560
16
16

0
2496
2560
16
16

0
2512
2560
16
16

0
2528
2560
16
16

0
2544
2560
16
16

0
2560
2560
16
16

0
2576
2560
16
16

0
2592
2560
16
16

0
2608
2560
16
16

0
2624
2560
16
16

0
2640
2560
16
16

0
2656
2560
16
16

0
2672
2560
16
16

0
2688
2560
16
16

0
2704
2560
16
16

0
2720
2560
16
16

0
2736
2560
16
16

0
2752
2560
16
16

0
2768
2560
16
16

0
2784
2560
16
16

0
2800
2560
16
16

0
1088
2544
16
16

0
624
2560
16
16

0
1504
2560
16
16

0
1616
2560
16
16

0
2240
2560
16
16

0
2816
2560
16
16

0
640
2560
16
16

0
656
2560
16
16

0
672
2560
16
16

0
688
2560
16
16

0
704
2560
16
16

0
720
2560
16
16

0
736
2560
16
16

0
752
2560
16
16

0
768
2560
16
16

0
784
2560
16
16

0
800
2560
16
16

0
816
2560
16
16

0
832
2560
16
16

0
848
2560
16
16

0
864
2560
16
16

0
880
2560
16
16

0
896
2560
16
16

0
912
2560
16
16

0
928
2560
16
16

0
944
2560
16
16

0
960
2560
16
16

0
976
2560
16
16

0
992
2560
16
16

0
1008
2560
16
16

0
1024
2560
16
16

0
1040
2560
16
16

0
1056
2560
16
16

0
1072
2560
16
16

0
1088
2560
16
16

0
2272
2448
16
16

0
2288
2448
16
16

0
1520
2480
16
16

0
1536
2480
16
16

0
1616
2512
16
16

0
1680
2512
16
16

0
2272
2512
16
16

0
2288
2512
16
16

0
1600
2528
16
16

0
1616
2528
16
16

0
1680
2528
16
16

0
1696
2528
16
16

0
1584
2544
16
16

0
1600
2544
16
16

0
1616
2544
16
16

0
1680
2544
16
16

0
1696
2544
16
16

0
1712
2544
16
16

1
2272
2256
16
16

1
368
2512
16
16

1
1872
2512
16
16

1
1808
2528
16
16

1
2336
2528
16
16

1
2288
2256
16
16

1
384
2512
16
16

1
1888
2512
16
16

1
1824
2528
16
16

1
2352
2528
16
16

2
2272
2272
16
16

2
2272
2288
16
16

2
2272
2304
16
16

2
2272
2320
16
16

2
2272
2336
16
16

2
2272
2352
16
16

2
2272
2368
16
16

2
2272
2384
16
16

2
2272
2400
16
16

2
2272
2416
16
16

2
2272
2432
16
16

2
368
2528
16
16

2
1872
2528
16
16

2
2272
2528
16
16

2
368
2544
16
16

2
1808
2544
16
16

2
1872
2544
16
16

2
2272
2544
16
16

2
2336
2544
16
16

2
2288
2272
16
16

2
2288
2288
16
16

2
2288
2304
16
16

2
2288
2320
16
16

2
2288
2336
16
16

2
2288
2352
16
16

2
2288
2368
16
16

2
2288
2384
16
16

2
2288
2400
16
16

2
2288
2416
16
16

2
2288
2432
16
16

2
384
2528
16
16

2
1888
2528
16
16

2
2288
2528
16
16

2
384
2544
16
16

2
1824
2544
16
16

2
1888
2544
16
16

2
2288
2544
16
16

2
2352
2544
16
16

3
1456
2272
16
16

3
2000
2512
16
16

3
2016
2512
16
16

3
2032
2512
16
16

3
2048
2512
16
16

3
1984
2528
16
16

3
2000
2528
16
16

3
2016
2528
16
16

3
2032
2528
16
16

3
2048
2528
16
16

3
2112
2528
16
16

3
1968
2544
16
16

3
1984
2544
16
16

3
2000
2544
16
16

3
2016
2544
16
16

3
2032
2544
16
16

3
2048
2544
16
16

3
2064
2544
16
16

3
2112
2544
16
16

3
2128
2544
16
16

4
240
2448
16
16

4
256
2448
16
16

4
432
2464
16
16

4
192
2496
16
16

4
208
2496
16
16

4
720
2496
16
16

4
1488
2512
16
16

4
672
2528
16
16

