621

0
256
2512
16
16

0
416
2528
16
16

1
512
2522
20
22

2
576
2517
16
27

3
656
2502
16
26

4
768
2501
16
27

4
800
2501
16
27

4
912
2501
16
27

4
992
2501
16
27

4
1056
2485
16
27

4
1296
2501
16
27

4
1376
2517
16
27

4
1584
2501
16
27

4
1776
2501
16
27

4
1872
2501
16
27

4
1968
2501
16
27

4
2080
2501
16
27

4
2160
2501
16
27

4
2224
2501
16
27

4
2368
2501
16
27

4
2448
2501
16
27

4
2576
2501
16
27

4
2656
2485
16
27

4
2736
2501
16
27

4
320
2501
16
27

5
368
2527
16
33

6
1808
2543
16
33

7
2272
2448
16
16

7
2288
2448
16
16

7
1520
2480
16
16

7
1536
2480
16
16

7
1616
2512
16
16

7
1680
2512
16
16

7
2272
2512
16
16

7
2288
2512
16
16

7
1600
2528
16
16

7
1616
2528
16
16

7
1680
2528
16
16

7
1696
2528
16
16

7
1584
2544
16
16

7
1600
2544
16
16

7
1616
2544
16
16

7
1680
2544
16
16

7
1696
2544
16
16

7
1712
2544
16
16

7
640
2544
16
16

7
16
2560
16
16

7
1168
2560
16
16

7
1552
2560
16
16

7
1680
2560
16
16

7
2272
2560
16
16

7
656
2544
16
16

7
672
2544
16
16

7
688
2544
16
16

7
704
2544
16
16

7
720
2544
16
16

7
736
2544
16
16

7
752
2544
16
16

7
768
2544
16
16

7
784
2544
16
16

7
800
2544
16
16

7
816
2544
16
16

7
832
2544
16
16

7
848
2544
16
16

7
864
2544
16
16

7
880
2544
16
16

7
896
2544
16
16

7
912
2544
16
16

7
928
2544
16
16

7
944
2544
16
16

7
960
2544
16
16

7
976
2544
16
16

7
992
2544
16
16

7
1008
2544
16
16

7
1024
2544
16
16

7
1040
2544
16
16

7
1056
2544
16
16

7
1072
2544
16
16

7
32
2560
16
16

7
48
2560
16
16

7
64
2560
16
16

7
80
2560
16
16

7
96
2560
16
16

7
112
2560
16
16

7
128
2560
16
16

7
144
2560
16
16

7
160
2560
16
16

7
176
2560
16
16

7
192
2560
16
16

7
208
2560
16
16

7
224
2560
16
16

7
240
2560
16
16

7
256
2560
16
16

7
272
2560
16
16

7
288
2560
16
16

7
304
2560
16
16

7
320
2560
16
16

7
336
2560
16
16

7
352
2560
16
16

7
368
2560
16
16

7
384
2560
16
16

7
400
2560
16
16

7
416
2560
16
16

7
432
2560
16
16

7
448
2560
16
16

7
464
2560
16
16

7
480
2560
16
16

7
496
2560
16
16

7
512
2560
16
16

7
528
2560
16
16

7
544
2560
16
16

7
560
2560
16
16

7
576
2560
16
16

7
592
2560
16
16

7
608
2560
16
16

7
1184
2560
16
16

7
1200
2560
16
16

7
1216
2560
16
16

7
1232
2560
16
16

7
1248
2560
16
16

7
1264
2560
16
16

7
1280
2560
16
16

7
1296
2560
16
16

7
1312
2560
16
16

7
1328
2560
16
16

7
1344
2560
16
16

7
1360
2560
16
16

7
1376
2560
16
16

7
1392
2560
16
16

7
1408
2560
16
16

7
1424
2560
16
16

7
1440
2560
16
16

7
1456
2560
16
16

7
1472
2560
16
16

7
1488
2560
16
16

7
1568
2560
16
16

7
1584
2560
16
16

7
1600
2560
16
16

7
1696
2560
16
16

7
1712
2560
16
16

7
1728
2560
16
16

7
1744
2560
16
16

7
1760
2560
16
16

7
1776
2560
16
16

7
1792
2560
16
16

7
1808
2560
16
16

7
1824
2560
16
16

7
1840
2560
16
16

7
1856
2560
16
16

7
1872
2560
16
16

7
1888
2560
16
16

7
1904
2560
16
16

7
1920
2560
16
16

7
1936
2560
16
16

7
1952
2560
16
16

7
1968
2560
16
16

7
1984
2560
16
16

7
2000
2560
16
16

7
2016
2560
16
16

7
2032
2560
16
16

7
2048
2560
16
16

7
2064
2560
16
16

7
2080
2560
16
16

7
2096
2560
16
16

7
2112
2560
16
16

7
2128
2560
16
16

7
2144
2560
16
16

7
2160
2560
16
16

7
2176
2560
16
16

7
2192
2560
16
16

7
2208
2560
16
16

7
2224
2560
16
16

7
2288
2560
16
16

7
2304
2560
16
16

7
2320
2560
16
16

7
2336
2560
16
16

7
2352
2560
16
16

7
2368
2560
16
16

7
2384
2560
16
16

7
2400
2560
16
16

7
2416
2560
16
16

7
2432
2560
16
16

7
2448
2560
16
16

7
2464
2560
16
16

7
2480
2560
16
16

7
2496
2560
16
16

7
2512
2560
16
16

7
2528
2560
16
16

7
2544
2560
16
16

7
2560
2560
16
16

7
2576
2560
16
16

7
2592
2560
16
16

7
2608
2560
16
16

7
2624
2560
16
16

7
2640
2560
16
16

7
2656
2560
16
16

7
2672
2560
16
16

7
2688
2560
16
16

7
2704
2560
16
16

7
2720
2560
16
16

7
2736
2560
16
16

7
2752
2560
16
16

7
2768
2560
16
16

7
2784
2560
16
16

7
2800
2560
16
16

7
1088
2544
16
16

7
624
2560
16
16

7
1504
2560
16
16

7
1616
2560
16
16

7
2240
2560
16
16

7
2816
2560
16
16

7
640
2560
16
16

7
656
2560
16
16

7
672
2560
16
16

7
688
2560
16
16

7
704
2560
16
16

7
720
2560
16
16

7
736
2560
16
16

7
752
2560
16
16

7
768
2560
16
16

7
784
2560
16
16

7
800
2560
16
16

7
816
2560
16
16

7
832
2560
16
16

7
848
2560
16
16

7
864
2560
16
16

7
880
2560
16
16

7
896
2560
16
16

7
912
2560
16
16

7
928
2560
16
16

7
944
2560
16
16

7
960
2560
16
16

7
976
2560
16
16

7
992
2560
16
16

7
1008
2560
16
16

7
1024
2560
16
16

7
1040
2560
16
16

7
1056
2560
16
16

7
1072
2560
16
16

7
1088
2560
16
16

8
2272
2256
16
16

8
368
2512
16
16

8
1872
2512
16
16

8
1808
2528
16
16

8
2336
2528
16
16

8
2288
2256
16
16

8
384
2512
16
16

8
1888
2512
16
16

8
1824
2528
16
16

8
2352
2528
16
16

9
2272
2272
16
16

9
2272
2288
16
16

9
2272
2304
16
16

9
2272
2320
16
16

9
2272
2336
16
16

9
2272
2352
16
16

9
2272
2368
16
16

9
2272
2384
16
16

9
2272
2400
16
16

9
2272
2416
16
16

9
2272
2432
16
16

9
368
2528
16
16

9
1872
2528
16
16

9
2272
2528
16
16

9
368
2544
16
16

9
1808
2544
16
16

9
1872
2544
16
16

9
2272
2544
16
16

9
2336
2544
16
16

9
2288
2272
16
16

9
2288
2288
16
16

9
2288
2304
16
16

9
2288
2320
16
16

9
2288
2336
16
16

9
2288
2352
16
16

9
2288
2368
16
16

9
2288
2384
16
16

9
2288
2400
16
16

9
2288
2416
16
16

9
2288
2432
16
16

9
384
2528
16
16

9
1888
2528
16
16

9
2288
2528
16
16

9
384
2544
16
16

9
1824
2544
16
16

9
1888
2544
16
16

9
2288
2544
16
16

9
2352
2544
16
16

10
1456
2272
16
16

10
2000
2512
16
16

10
2016
2512
16
16

10
2032
2512
16
16

10
2048
2512
16
16

10
1984
2528
16
16

10
2000
2528
16
16

10
2016
2528
16
16

10
2032
2528
16
16

10
2048
2528
16
16

10
2112
2528
16
16

10
1968
2544
16
16

10
1984
2544
16
16

10
2000
2544
16
16

10
2016
2544
16
16

10
2032
2544
16
16

10
2048
2544
16
16

10
2064
2544
16
16

10
2112
2544
16
16

10
2128
2544
16
16

11
337
240
2448
16
16

11
344
256
2448
16
16

11
339
432
2464
16
16

11
341
192
2496
16
16

11
342
208
2496
16
16

11
343
720
2496
16
16

11
345
1488
2512
16
16

11
346
672
2528
16
16

12
1344
2224
16
16

12
1360
2224
16
16

12
1376
2224
16
16

12
1824
2240
16
16

12
1488
2256
16
16

12
1504
2256
16
16

12
1632
2256
16
16

12
1648
2256
16
16

12
1664
2256
16
16

12
1680
2256
16
16

12
1744
2256
16
16

12
1552
2272
16
16

12
1568
2272
16
16

12
1584
2272
16
16

12
1600
2272
16
16

12
1776
2272
16
16

12
1856
2272
16
16

12
1712
2288
16
16

12
1216
2336
16
16

12
1184
2368
16
16

12
1152
2400
16
16

12
240
2432
16
16

12
1120
2432
16
16

12
432
2448
16
16

12
1088
2464
16
16

12
192
2480
16
16

12
208
2480
16
16

12
720
2480
16
16

13
256
2432
16
16

13
1488
2496
16
16

13
672
2512
16
16

14
1328
2288
16
16

14
480
2480
16
16

14
1312
2496
16
16

14
256
2512
16
16

14
2160
2512
16
16

14
1344
2288
16
16

14
1360
2288
16
16

14
496
2480
16
16

14
512
2480
16
16

14
1328
2496
16
16

14
1344
2496
16
16

14
1360
2496
16
16

14
1376
2496
16
16

14
1392
2496
16
16

14
272
2512
16
16

14
2176
2512
16
16

14
1376
2288
16
16

14
528
2480
16
16

14
1408
2496
16
16

14
288
2512
16
16

14
2192
2512
16
16

14
2192
2416
16
16

14
416
2512
16
16

14
528
2528
16
16

14
1280
2528
16
16

14
2208
2416
16
16

14
432
2512
16
16

14
448
2512
16
16

14
464
2512
16
16

14
544
2528
16
16

14
560
2528
16
16

14
576
2528
16
16

14
592
2528
16
16

14
1296
2528
16
16

14
1312
2528
16
16

14
1328
2528
16
16

14
1344
2528
16
16

14
1360
2528
16
16

14
16
2576
16
16

14
32
2576
16
16

14
48
2576
16
16

14
64
2576
16
16

14
80
2576
16
16

14
96
2576
16
16

14
112
2576
16
16

14
128
2576
16
16

14
144
2576
16
16

14
160
2576
16
16

14
176
2576
16
16

14
192
2576
16
16

14
208
2576
16
16

14
224
2576
16
16

14
240
2576
16
16

14
256
2576
16
16

14
272
2576
16
16

14
288
2576
16
16

14
304
2576
16
16

14
320
2576
16
16

14
336
2576
16
16

14
352
2576
16
16

14
368
2576
16
16

14
384
2576
16
16

14
400
2576
16
16

14
416
2576
16
16

14
432
2576
16
16

14
448
2576
16
16

14
464
2576
16
16

14
480
2576
16
16

14
496
2576
16
16

14
512
2576
16
16

14
528
2576
16
16

14
544
2576
16
16

14
560
2576
16
16

14
576
2576
16
16

14
592
2576
16
16

14
608
2576
16
16

14
624
2576
16
16

14
640
2576
16
16

14
656
2576
16
16

14
672
2576
16
16

14
688
2576
16
16

14
704
2576
16
16

14
720
2576
16
16

14
736
2576
16
16

14
752
2576
16
16

14
768
2576
16
16

14
784
2576
16
16

14
800
2576
16
16

14
816
2576
16
16

14
832
2576
16
16

14
848
2576
16
16

14
864
2576
16
16

14
880
2576
16
16

14
896
2576
16
16

14
912
2576
16
16

14
928
2576
16
16

14
944
2576
16
16

14
960
2576
16
16

14
976
2576
16
16

14
992
2576
16
16

14
1008
2576
16
16

14
1024
2576
16
16

14
1040
2576
16
16

14
1056
2576
16
16

14
1072
2576
16
16

14
1088
2576
16
16

14
1104
2576
16
16

14
1120
2576
16
16

14
1136
2576
16
16

14
1152
2576
16
16

14
1168
2576
16
16

14
1184
2576
16
16

14
1200
2576
16
16

14
1216
2576
16
16

14
1232
2576
16
16

14
1248
2576
16
16

14
1264
2576
16
16

14
1280
2576
16
16

14
1296
2576
16
16

14
1312
2576
16
16

14
1328
2576
16
16

14
1344
2576
16
16

14
1360
2576
16
16

14
1376
2576
16
16

14
1392
2576
16
16

14
1408
2576
16
16

14
1424
2576
16
16

14
1440
2576
16
16

14
1456
2576
16
16

14
1472
2576
16
16

14
1488
2576
16
16

14
1504
2576
16
16

14
1520
2576
16
16

14
1536
2576
16
16

14
1552
2576
16
16

14
1568
2576
16
16

14
1584
2576
16
16

14
1600
2576
16
16

14
1616
2576
16
16

14
1632
2576
16
16

14
1648
2576
16
16

14
1664
2576
16
16

14
1680
2576
16
16

14
1696
2576
16
16

14
1712
2576
16
16

14
1728
2576
16
16

14
1744
2576
16
16

14
1760
2576
16
16

14
1776
2576
16
16

14
1792
2576
16
16

14
1808
2576
16
16

14
1824
2576
16
16

14
1840
2576
16
16

14
1856
2576
16
16

14
1872
2576
16
16

14
1888
2576
16
16

14
1904
2576
16
16

14
1920
2576
16
16

14
1936
2576
16
16

14
1952
2576
16
16

14
1968
2576
16
16

14
1984
2576
16
16

14
2000
2576
16
16

14
2016
2576
16
16

14
2032
2576
16
16

14
2048
2576
16
16

14
2064
2576
16
16

14
2080
2576
16
16

14
2096
2576
16
16

14
2112
2576
16
16

14
2128
2576
16
16

14
2144
2576
16
16

14
2160
2576
16
16

14
2176
2576
16
16

14
2192
2576
16
16

14
2208
2576
16
16

14
2224
2576
16
16

14
2240
2576
16
16

14
2256
2576
16
16

14
2304
2576
16
16

14
2320
2576
16
16

14
2368
2576
16
16

14
2384
2576
16
16

14
2400
2576
16
16

14
2416
2576
16
16

14
2432
2576
16
16

14
2448
2576
16
16

14
2464
2576
16
16

14
2480
2576
16
16

14
2496
2576
16
16

14
2512
2576
16
16

14
2528
2576
16
16

14
2544
2576
16
16

14
2560
2576
16
16

14
2576
2576
16
16

14
2592
2576
16
16

14
2608
2576
16
16

14
2624
2576
16
16

14
2640
2576
16
16

14
2656
2576
16
16

14
2672
2576
16
16

14
2688
2576
16
16

14
2704
2576
16
16

14
2720
2576
16
16

14
2736
2576
16
16

14
2752
2576
16
16

14
2768
2576
16
16

14
2784
2576
16
16

14
2800
2576
16
16

14
2816
2576
16
16

14
2144
2832
16
16

14
2160
2832
16
16

14
2176
2832
16
16

14
2192
2832
16
16

14
2208
2832
16
16

14
2224
2832
16
16

14
2240
2832
16
16

14
2256
2832
16
16

14
2272
2832
16
16

14
2288
2832
16
16

14
2304
2832
16
16

14
2320
2832
16
16

14
2336
2832
16
16

14
2352
2832
16
16

14
2368
2832
16
16

14
2384
2832
16
16

14
2400
2832
16
16

14
2416
2832
16
16

14
2432
2832
16
16

14
2448
2832
16
16

14
2464
2832
16
16

14
2480
2832
16
16

14
2496
2832
16
16

14
2512
2832
16
16

14
2528
2832
16
16

14
2544
2832
16
16

14
2560
2832
16
16

14
2576
2832
16
16

14
2592
2832
16
16

14
2608
2832
16
16

14
2624
2832
16
16

14
2640
2832
16
16

14
2224
2416
16
16

14
480
2512
16
16

14
608
2528
16
16

14
1376
2528
16
16

14
1344
2464
16
16

14
288
2480
16
16

14
1360
2464
16
16

14
1376
2464
16
16

14
1392
2464
16
16

14
1408
2464
16
16

14
1424
2464
16
16

14
304
2480
16
16

14
1440
2464
16
16

14
320
2480
16
16

14
1504
2320
16
16

14
1520
2320
16
16

14
1536
2320
16
16

14
1552
2320
16
16

14
1568
2320
16
16

14
1584
2320
16
16

14
1600
2320
16
16

14
1616
2320
16
16

14
1632
2320
16
16

14
1648
2320
16
16

14
1664
2320
16
16

14
1680
2320
16
16

14
1696
2320
16
16

14
1424
2336
16
16

14
1440
2336
16
16

14
1456
2336
16
16

14
1472
2336
16
16

15
1456
2256
16
16

