0			0			2848			2848			4			0			
0			0			1424			1424			0			0			
1424			0			1424			1424			0			0			
0			1424			1424			1424			4			0			
0			1424			712			712			0			0			
712			1424			712			712			0			0			
0			2136			712			712			4			0			
0			2136			356			356			4			0			
0			2136			178			178			0			0			
178			2136			178			178			0			0			
0			2314			178			178			0			2			3		5		
178			2314			178			178			0			3			7		8		10		
356			2136			356			356			4			0			
356			2136			178			178			0			0			
534			2136			178			178			0			0			
356			2314			178			178			0			1			8		
534			2314			178			178			0			0			
0			2492			356			356			4			0			
0			2492			178			178			0			16			0		1		2		4		5		30		62		63		64		65		66		67		68		69		70		71		
178			2492			178			178			0			16			4		6		7		8		71		72		73		74		75		76		77		78		79		80		81		82		
0			2670			178			178			0			0			
178			2670			178			178			0			0			
356			2492			356			356			4			0			
356			2492			178			178			0			14			8		9		82		83		84		85		86		87		88		89		90		91		92		93		
534			2492			178			178			0			17			29		35		36		37		38		93		94		95		96		97		98		190		195		196		197		198		199		
356			2670			178			178			0			0			
534			2670			178			178			0			0			
712			2136			712			712			4			0			
712			2136			356			356			0			0			
1068			2136			356			356			0			0			
712			2492			356			356			4			0			
712			2492			178			178			0			24			38		39		40		41		42		43		44		45		46		47		48		49		199		200		201		202		203		204		205		206		207		208		209		210		
890			2492			178			178			0			24			49		50		51		52		53		54		55		56		57		58		59		60		210		211		212		213		214		215		216		217		218		219		220		221		
712			2670			178			178			0			0			
890			2670			178			178			0			0			
1068			2492			356			356			4			0			
1068			2492			178			178			0			11			31		60		61		99		100		101		102		189		221		222		223		
1246			2492			178			178			0			12			102		103		104		105		106		107		108		109		110		111		112		113		
1068			2670			178			178			0			0			
1246			2670			178			178			0			0			
1424			1424			1424			1424			4			0			
1424			1424			712			712			0			0			
2136			1424			712			712			0			0			
1424			2136			712			712			4			0			
1424			2136			356			356			4			0			
1424			2136			178			178			0			0			
1602			2136			178			178			0			0			
1424			2314			178			178			0			2			13		14		
1602			2314			178			178			0			0			
1780			2136			356			356			0			0			
1424			2492			356			356			4			0			
1424			2492			178			178			0			15			13		14		19		23		24		32		114		115		116		117		118		119		120		121		191		
1602			2492			178			178			0			20			15		16		19		20		21		22		24		25		26		27		28		33		121		122		123		124		125		126		127		192		
1424			2670			178			178			0			0			
1602			2670			178			178			0			0			
1780			2492			356			356			4			0			
1780			2492			178			178			0			12			127		128		129		130		131		132		133		134		135		136		137		138		
1958			2492			178			178			0			12			138		139		140		141		142		143		144		145		146		147		148		149		
1780			2670			178			178			0			0			
1958			2670			178			178			0			0			
2136			2136			712			712			4			0			
2136			2136			356			356			4			0			
2136			2136			178			178			0			0			
2314			2136			178			178			0			0			
2136			2314			178			178			0			2			11		12		
2314			2314			178			178			0			0			
2492			2136			356			356			0			0			
2136			2492			356			356			4			0			
2136			2492			178			178			0			13			17		18		34		149		150		151		152		153		154		155		156		157		193		
2314			2492			178			178			0			12			157		158		159		160		161		162		163		164		165		166		167		168		
2136			2670			178			178			0			0			
2314			2670			178			178			0			0			
2492			2492			356			356			4			0			
2492			2492			178			178			0			12			168		169		170		171		172		173		174		175		176		177		178		179		
2670			2492			178			178			0			11			179		180		181		182		183		184		185		186		187		188		194		
2492			2670			178			178			0			0			
2670			2670			178			178			0			0			
