224

0
64
2496
16
16

0
80
2512
16
16

0
144
2512
16
16

0
128
2464
16
16

1
176
2522
20
22

1
112
2490
20
22

2
224
2517
16
27

3
256
2470
16
26

4
352
2469
16
27

5
368
2527
16
33

6
288
2447
16
33

7
2272
2448
16
16

7
2288
2448
16
16

7
1520
2480
16
16

7
1536
2480
16
16

7
1616
2512
16
16

7
1680
2512
16
16

7
2272
2512
16
16

7
2288
2512
16
16

7
1600
2528
16
16

7
1616
2528
16
16

7
1680
2528
16
16

7
1696
2528
16
16

7
1584
2544
16
16

7
1600
2544
16
16

7
1616
2544
16
16

7
1680
2544
16
16

7
1696
2544
16
16

7
1712
2544
16
16

7
640
2544
16
16

7
16
2560
16
16

7
1168
2560
16
16

7
1552
2560
16
16

7
1680
2560
16
16

7
2272
2560
16
16

7
656
2544
16
16

7
672
2544
16
16

7
688
2544
16
16

7
704
2544
16
16

7
720
2544
16
16

7
736
2544
16
16

7
752
2544
16
16

7
768
2544
16
16

7
784
2544
16
16

7
800
2544
16
16

7
816
2544
16
16

7
832
2544
16
16

7
848
2544
16
16

7
864
2544
16
16

7
880
2544
16
16

7
896
2544
16
16

7
912
2544
16
16

7
928
2544
16
16

7
944
2544
16
16

7
960
2544
16
16

7
976
2544
16
16

7
992
2544
16
16

7
1008
2544
16
16

7
1024
2544
16
16

7
1040
2544
16
16

7
1056
2544
16
16

7
1072
2544
16
16

7
32
2560
16
16

7
48
2560
16
16

7
64
2560
16
16

7
80
2560
16
16

7
96
2560
16
16

7
112
2560
16
16

7
128
2560
16
16

7
144
2560
16
16

7
160
2560
16
16

7
176
2560
16
16

7
192
2560
16
16

7
208
2560
16
16

7
224
2560
16
16

7
240
2560
16
16

7
256
2560
16
16

7
272
2560
16
16

7
288
2560
16
16

7
304
2560
16
16

7
320
2560
16
16

7
336
2560
16
16

7
352
2560
16
16

7
368
2560
16
16

7
384
2560
16
16

7
400
2560
16
16

7
416
2560
16
16

7
432
2560
16
16

7
448
2560
16
16

7
464
2560
16
16

7
480
2560
16
16

7
496
2560
16
16

7
512
2560
16
16

7
528
2560
16
16

7
544
2560
16
16

7
560
2560
16
16

7
576
2560
16
16

7
592
2560
16
16

7
608
2560
16
16

7
1184
2560
16
16

7
1200
2560
16
16

7
1216
2560
16
16

7
1232
2560
16
16

7
1248
2560
16
16

7
1264
2560
16
16

7
1280
2560
16
16

7
1296
2560
16
16

7
1312
2560
16
16

7
1328
2560
16
16

7
1344
2560
16
16

7
1360
2560
16
16

7
1376
2560
16
16

7
1392
2560
16
16

7
1408
2560
16
16

7
1424
2560
16
16

7
1440
2560
16
16

7
1456
2560
16
16

7
1472
2560
16
16

7
1488
2560
16
16

7
1568
2560
16
16

7
1584
2560
16
16

7
1600
2560
16
16

7
1696
2560
16
16

7
1712
2560
16
16

7
1728
2560
16
16

7
1744
2560
16
16

7
1760
2560
16
16

7
1776
2560
16
16

7
1792
2560
16
16

7
1808
2560
16
16

7
1824
2560
16
16

7
1840
2560
16
16

7
1856
2560
16
16

7
1872
2560
16
16

7
1888
2560
16
16

7
1904
2560
16
16

7
1920
2560
16
16

7
1936
2560
16
16

7
1952
2560
16
16

7
1968
2560
16
16

7
1984
2560
16
16

7
2000
2560
16
16

7
2016
2560
16
16

7
2032
2560
16
16

7
2048
2560
16
16

7
2064
2560
16
16

7
2080
2560
16
16

7
2096
2560
16
16

7
2112
2560
16
16

7
2128
2560
16
16

7
2144
2560
16
16

7
2160
2560
16
16

7
2176
2560
16
16

7
2192
2560
16
16

7
2208
2560
16
16

7
2224
2560
16
16

7
2288
2560
16
16

7
2304
2560
16
16

7
2320
2560
16
16

7
2336
2560
16
16

7
2352
2560
16
16

7
2368
2560
16
16

7
2384
2560
16
16

7
2400
2560
16
16

7
2416
2560
16
16

7
2432
2560
16
16

7
2448
2560
16
16

7
2464
2560
16
16

7
2480
2560
16
16

7
2496
2560
16
16

7
2512
2560
16
16

7
2528
2560
16
16

7
2544
2560
16
16

7
2560
2560
16
16

7
2576
2560
16
16

7
2592
2560
16
16

7
2608
2560
16
16

7
2624
2560
16
16

7
2640
2560
16
16

7
2656
2560
16
16

7
2672
2560
16
16

7
2688
2560
16
16

7
2704
2560
16
16

7
2720
2560
16
16

7
2736
2560
16
16

7
2752
2560
16
16

7
2768
2560
16
16

7
2784
2560
16
16

7
2800
2560
16
16

7
1088
2544
16
16

7
624
2560
16
16

7
1504
2560
16
16

7
1616
2560
16
16

7
2240
2560
16
16

7
2816
2560
16
16

7
640
2560
16
16

7
656
2560
16
16

7
672
2560
16
16

7
688
2560
16
16

7
704
2560
16
16

7
720
2560
16
16

7
736
2560
16
16

7
752
2560
16
16

7
768
2560
16
16

7
784
2560
16
16

7
800
2560
16
16

7
816
2560
16
16

7
832
2560
16
16

7
848
2560
16
16

7
864
2560
16
16

7
880
2560
16
16

7
896
2560
16
16

7
912
2560
16
16

7
928
2560
16
16

7
944
2560
16
16

7
960
2560
16
16

7
976
2560
16
16

7
992
2560
16
16

7
1008
2560
16
16

7
1024
2560
16
16

7
1040
2560
16
16

7
1056
2560
16
16

7
1072
2560
16
16

7
1088
2560
16
16

